43585.0 6548.0 -8316.0 1044.0 2652.0 -3541.0 -6704.0 -9161.0 -2204.0 -9076.0 -10533.0 -8789.0 1517.0 996.0 -748.0 6044.0 -10369.0 -7918.0 2279.0 2814.0 6143.0 2303.0 8922.0 -5872.0 1443.0 13990.0 4244.0 -792.0 282.0 -962.0 -4293.0 7577.0 4447.0 -69.0 8847.0 18608.0 5350.0 -3968.0 -3914.0 1250.0 767.0 5129.0 -2187.0 3103.0 2807.0 468.0 -13505.0 8890.0 -348.0 6819.0
6548.0 46315.0 10106.0 -6486.0 -13981.0 -3443.0 -395.0 -12742.0 2083.0 -6739.0 -3512.0 5897.0 -1900.0 -1184.0 -3861.0 8828.0 559.0 4663.0 919.0 -1739.0 1711.0 2649.0 1408.0 3662.0 4417.0 9623.0 -1260.0 -2569.0 -3587.0 -4863.0 2833.0 3550.0 9006.0 367.0 -3137.0 6052.0 6671.0 122.0 6318.0 152.0 -4581.0 6847.0 -2232.0 -1536.0 -7599.0 2340.0 -4887.0 -1280.0 -10767.0 4004.0
-8316.0 10106.0 46480.0 -4944.0 -15440.0 7183.0 -7197.0 -1249.0 6049.0 -783.0 13090.0 -9328.0 409.0 7269.0 5553.0 13029.0 12748.0 1344.0 7739.0 -354.0 10780.0 -7543.0 -184.0 3853.0 8495.0 -6511.0 4672.0 -1894.0 -3961.0 -3627.0 -4434.0 132.0 -6683.0 -7988.0 -4710.0 2949.0 848.0 2700.0 -2735.0 3572.0 -9803.0 5319.0 5282.0 -7099.0 -9132.0 12448.0 6253.0 -2660.0 -3554.0 1760.0
1044.0 -6486.0 -4944.0 41842.0 -7244.0 -3410.0 1785.0 -5948.0 -292.0 6577.0 5605.0 -2994.0 -3556.0 615.0 2609.0 6548.0 238.0 9370.0 5978.0 8958.0 1639.0 830.0 5606.0 -5042.0 -8965.0 -3362.0 8818.0 7163.0 26.0 -6108.0 -2651.0 -6174.0 -12217.0 2826.0 -6121.0 -6284.0 -4479.0 -7026.0 -1959.0 -4897.0 -2455.0 536.0 -9590.0 -4640.0 -3395.0 -6695.0 -1267.0 13615.0 -7886.0 8439.0
2652.0 -13981.0 -15440.0 -7244.0 52985.0 -268.0 8283.0 1465.0 2960.0 -15824.0 798.0 12490.0 -1397.0 341.0 -1869.0 -13768.0 -7599.0 -2834.0 -8942.0 48.0 1269.0 -5508.0 4826.0 -5670.0 125.0 -1390.0 4399.0 -952.0 3392.0 -6497.0 -5974.0 3285.0 -1492.0 4940.0 9460.0 -2705.0 3348.0 4353.0 9867.0 195.0 3480.0 -2482.0 -1370.0 6286.0 9703.0 -9434.0 -3867.0 -12382.0 2167.0 -10082.0
-3541.0 -3443.0 7183.0 -3410.0 -268.0 40514.0 -1684.0 -2019.0 -14681.0 10471.0 1787.0 2974.0 7504.0 2113.0 -4234.0 6684.0 -2976.0 4597.0 1052.0 -5364.0 3004.0 -9557.0 -1591.0 4307.0 -7185.0 -3074.0 3997.0 -2061.0 -5804.0 -3183.0 2641.0 -654.0 -6708.0 2555.0 2891.0 -1917.0 901.0 6089.0 1334.0 4157.0 105.0 10329.0 -7883.0 -7855.0 -2352.0 112.0 7879.0 -1107.0 -2542.0 -2433.0
-6704.0 -395.0 -7197.0 1785.0 8283.0 -1684.0 43909.0 -2118.0 -2165.0 520.0 -7080.0 6412.0 1328.0 -463.0 -1384.0 -746.0 3804.0 -1365.0 -8419.0 -6941.0 460.0 -5362.0 12472.0 -5521.0 -10599.0 2493.0 -8399.0 -1844.0 1886.0 -1613.0 -3811.0 -13941.0 -3255.0 8458.0 1345.0 -847.0 -889.0 -4800.0 7152.0 -3477.0 -1879.0 9097.0 5443.0 7734.0 3562.0 -13993.0 -7510.0 8111.0 1503.0 -953.0
-9161.0 -12742.0 -1249.0 -5948.0 1465.0 -2019.0 -2118.0 38076.0 7197.0 -11754.0 281.0 -1697.0 -14941.0 -384.0 1414.0 -14610.0 1567.0 -5300.0 1044.0 -1302.0 -2840.0 4238.0 -4405.0 6108.0 5252.0 -5826.0 -4638.0 158.0 8281.0 5912.0 1879.0 7421.0 -130.0 -284.0 8271.0 -1411.0 -8002.0 13000.0 2713.0 -3116.0 14195.0 -11145.0 10181.0 -864.0 -2629.0 1706.0 8863.0 -3954.0 2150.0 11994.0
-2204.0 2083.0 6049.0 -292.0 2960.0 -14681.0 -2165.0 7197.0 33062.0 -12815.0 6710.0 -2489.0 -10250.0 10622.0 11559.0 -3565.0 5390.0 4243.0 7830.0 5256.0 1160.0 7158.0 1539.0 -3077.0 7573.0 587.0 -802.0 -9677.0 -374.0 6614.0 -1905.0 9110.0 1801.0 -7852.0 4604.0 5860.0 2295.0 -1039.0 3338.0 -5806.0 -6278.0 -12672.0 6189.0 5734.0 -2406.0 9385.0 -1758.0 -13423.0 -4620.0 9594.0
-9076.0 -6739.0 -783.0 6577.0 -15824.0 10471.0 520.0 -11754.0 -12815.0 44590.0 -537.0 1236.0 12274.0 1419.0 5804.0 4902.0 812.0 2428.0 -1865.0 3636.0 458.0 3348.0 -359.0 -1133.0 -11323.0 -600.0 -5868.0 8935.0 -10043.0 4236.0 4884.0 -9599.0 -9629.0 -1900.0 -6452.0 -1591.0 -2869.0 -828.0 -5597.0 2018.0 -1761.0 3563.0 -4099.0 -4007.0 -2029.0 -4784.0 -347.0 17003.0 -323.0 -7945.0
-10533.0 -3512.0 13090.0 5605.0 798.0 1787.0 -7080.0 281.0 6710.0 -537.0 35652.0 -3392.0 -2852.0 5011.0 4397.0 -4480.0 1060.0 12287.0 3906.0 4783.0 3601.0 3273.0 129.0 -2461.0 2959.0 -6288.0 -7039.0 10662.0 -779.0 2884.0 2185.0 -1656.0 -6131.0 -11690.0 2753.0 -5429.0 -41.0 -8078.0 -5859.0 -2448.0 -499.0 -2413.0 167.0 1.0 -1400.0 -1888.0 9821.0 -5753.0 7491.0 2717.0
-8789.0 5897.0 -9328.0 -2994.0 12490.0 2974.0 6412.0 -1697.0 -2489.0 1236.0 -3392.0 33894.0 1062.0 943.0 -1359.0 -6867.0 -6440.0 -1768.0 -835.0 10350.0 358.0 -4546.0 -6435.0 8252.0 4735.0 163.0 -6877.0 -3957.0 2752.0 205.0 -1863.0 111.0 5588.0 5778.0 -2856.0 -4521.0 -4272.0 11378.0 13293.0 2528.0 3003.0 3423.0 -3565.0 -4940.0 1861.0 -7500.0 -3632.0 -1304.0 -6129.0 -8944.0
1517.0 -1900.0 409.0 -3556.0 -1397.0 7504.0 1328.0 -14941.0 -10250.0 12274.0 -2852.0 1062.0 46259.0 -1709.0 4233.0 13767.0 4135.0 6086.0 174.0 -4258.0 3918.0 -9979.0 -8071.0 1258.0 4565.0 -7223.0 3850.0 -262.0 -7689.0 -17152.0 4902.0 -12941.0 6379.0 4509.0 -14154.0 4105.0 -2709.0 4339.0 -9383.0 -3987.0 -5705.0 11918.0 -215.0 -1552.0 3311.0 -8207.0 -7113.0 -7317.0 9086.0 -6060.0
996.0 -1184.0 7269.0 615.0 341.0 2113.0 -463.0 -384.0 10622.0 1419.0 5011.0 943.0 -1709.0 39550.0 6025.0 -377.0 -2252.0 4915.0 8824.0 2734.0 5505.0 -4307.0 -3835.0 961.0 4966.0 4503.0 10251.0 -3318.0 3023.0 14681.0 -11063.0 1048.0 8453.0 -17596.0 3529.0 4875.0 -6374.0 2970.0 56.0 -3946.0 3793.0 -5887.0 11472.0 5958.0 -4727.0 3032.0 -4314.0 -4269.0 -3755.0 1178.0
-748.0 -3861.0 5553.0 2609.0 -1869.0 -4234.0 -1384.0 1414.0 11559.0 5804.0 4397.0 -1359.0 4233.0 6025.0 34654.0 -2806.0 4772.0 3285.0 -200.0 7629.0 1712.0 -2223.0 2475.0 -5446.0 6527.0 -7480.0 780.0 -1314.0 5386.0 -800.0 3820.0 -8117.0 794.0 -6259.0 5996.0 2678.0 186.0 1219.0 357.0 -12127.0 2252.0 -3992.0 -1598.0 6574.0 -10165.0 4795.0 -317.0 -1305.0 -4122.0 2141.0
6044.0 8828.0 13029.0 6548.0 -13768.0 6684.0 -746.0 -14610.0 -3565.0 4902.0 -4480.0 -6867.0 13767.0 -377.0 -2806.0 49307.0 3576.0 3212.0 2242.0 -535.0 13180.0 -6429.0 8666.0 5434.0 1416.0 5483.0 16267.0 1399.0 -6577.0 -5331.0 2159.0 -1215.0 2888.0 7459.0 -11255.0 6570.0 -7213.0 328.0 -1669.0 2008.0 -4674.0 5920.0 -7313.0 2272.0 -2817.0 5960.0 -9810.0 1400.0 -4897.0 -7458.0
-10369.0 559.0 12748.0 238.0 -7599.0 -2976.0 3804.0 1567.0 5390.0 812.0 1060.0 -6440.0 4135.0 -2252.0 4772.0 3576.0 42855.0 -4061.0 -8276.0 1407.0 -7049.0 -8237.0 1260.0 -2951.0 2716.0 -4112.0 -326.0 36.0 1623.0 -7275.0 2849.0 -7146.0 -14444.0 576.0 -4449.0 1923.0 6886.0 9132.0 -2564.0 3271.0 -11116.0 6006.0 8357.0 -2835.0 -6327.0 7193.0 1267.0 -10059.0 -1905.0 -1476.0
-7918.0 4663.0 1344.0 9370.0 -2834.0 4597.0 -1365.0 -5300.0 4243.0 2428.0 12287.0 -1768.0 6086.0 4915.0 3285.0 3212.0 -4061.0 45504.0 5117.0 -6277.0 -4199.0 -2536.0 -4004.0 4187.0 -909.0 -2121.0 2063.0 2605.0 -1826.0 -5565.0 4000.0 3399.0 -3407.0 -1387.0 5011.0 2454.0 -4010.0 -4279.0 -11954.0 -13796.0 1474.0 -2159.0 -1567.0 3604.0 -4187.0 3319.0 1353.0 -1160.0 -5050.0 3342.0
2279.0 919.0 7739.0 5978.0 -8942.0 1052.0 -8419.0 1044.0 7830.0 -1865.0 3906.0 -835.0 174.0 8824.0 -200.0 2242.0 -8276.0 5117.0 46240.0 12689.0 8374.0 2081.0 966.0 -242.0 9822.0 3710.0 734.0 -1509.0 -10710.0 13562.0 5241.0 9442.0 5470.0 -7651.0 -2165.0 5537.0 4481.0 1772.0 6576.0 -2791.0 4440.0 -13596.0 9265.0 6552.0 -508.0 4169.0 8335.0 -2185.0 -7157.0 2681.0
2814.0 -1739.0 -354.0 8958.0 48.0 -5364.0 -6941.0 -1302.0 5256.0 3636.0 4783.0 10350.0 -4258.0 2734.0 7629.0 -535.0 1407.0 -6277.0 12689.0 38073.0 12831.0 -549.0 1802.0 -2163.0 2167.0 -296.0 -2218.0 490.0 4135.0 2179.0 -2141.0 2869.0 -3113.0 -4277.0 -5601.0 3533.0 5583.0 3907.0 14054.0 4833.0 -3007.0 -5962.0 -5336.0 -3903.0 -6093.0 -6549.0 -1199.0 4983.0 -9989.0 -2248.0
6143.0 1711.0 10780.0 1639.0 1269.0 3004.0 460.0 -2840.0 1160.0 458.0 3601.0 358.0 3918.0 5505.0 1712.0 13180.0 -7049.0 -4199.0 8374.0 12831.0 39985.0 1010.0 1108.0 -2391.0 4031.0 -1736.0 3794.0 -836.0 2318.0 -2113.0 -8299.0 -4823.0 6029.0 -4210.0 1517.0 1201.0 -3735.0 -7891.0 1675.0 7113.0 -4011.0 -4057.0 -315.0 965.0 -7093.0 -13127.0 -3994.0 4293.0 -3982.0 3101.0
2303.0 2649.0 -7543.0 830.0 -5508.0 -9557.0 -5362.0 4238.0 7158.0 3348.0 3273.0 -4546.0 -9979.0 -4307.0 -2223.0 -6429.0 -8237.0 -2536.0 2081.0 -549.0 1010.0 33599.0 -1772.0 -1142.0 -900.0 3045.0 -2310.0 2165.0 3797.0 9424.0 3348.0 8042.0 7810.0 -6810.0 5291.0 -130.0 -2182.0 -1082.0 2681.0 2523.0 -3410.0 -11033.0 2278.0 -3815.0 3905.0 2732.0 1794.0 306.0 -8574.0 6202.0
8922.0 1408.0 -184.0 5606.0 4826.0 -1591.0 12472.0 -4405.0 1539.0 -359.0 129.0 -6435.0 -8071.0 -3835.0 2475.0 8666.0 1260.0 -4004.0 966.0 1802.0 1108.0 -1772.0 43806.0 -2665.0 -10170.0 10018.0 -10720.0 6842.0 625.0 1349.0 5149.0 -1390.0 -11955.0 -4649.0 14699.0 9333.0 7072.0 -9506.0 1582.0 -4513.0 -4655.0 -4042.0 2607.0 8063.0 883.0 3284.0 -1335.0 9811.0 -4303.0 -3491.0
-5872.0 3662.0 3853.0 -5042.0 -5670.0 4307.0 -5521.0 6108.0 -3077.0 -1133.0 -2461.0 8252.0 1258.0 961.0 -5446.0 5434.0 -2951.0 4187.0 -242.0 -2163.0 -2391.0 -1142.0 -2665.0 31792.0 6198.0 4497.0 -4490.0 6199.0 3048.0 -4410.0 -6497.0 10985.0 3158.0 -4697.0 1668.0 1189.0 -7542.0 5883.0 4695.0 9470.0 1869.0 2669.0 -2445.0 481.0 935.0 11733.0 -9472.0 -4284.0 -10508.0 -482.0
1443.0 4417.0 8495.0 -8965.0 125.0 -7185.0 -10599.0 5252.0 7573.0 -11323.0 2959.0 4735.0 4565.0 4966.0 6527.0 1416.0 2716.0 -909.0 9822.0 2167.0 4031.0 -900.0 -10170.0 6198.0 38628.0 -1510.0 4896.0 -3328.0 4924.0 3340.0 3564.0 10171.0 16905.0 -12936.0 3133.0 -562.0 -2005.0 8335.0 5772.0 -156.0 6405.0 -4016.0 8543.0 4254.0 -5839.0 5879.0 1395.0 -10712.0 -5603.0 1438.0
13990.0 9623.0 -6511.0 -3362.0 -1390.0 -3074.0 2493.0 -5826.0 587.0 -600.0 -6288.0 163.0 -7223.0 4503.0 -7480.0 5483.0 -4112.0 -2121.0 3710.0 -296.0 -1736.0 3045.0 10018.0 4497.0 -1510.0 37245.0 -5788.0 315.0 -8497.0 6089.0 4487.0 13565.0 2882.0 3115.0 6177.0 7381.0 7240.0 -554.0 1775.0 3796.0 1351.0 -2820.0 2926.0 7840.0 -155.0 -469.0 -8997.0 7785.0 -2138.0 -4795.0
4244.0 -1260.0 4672.0 8818.0 4399.0 3997.0 -8399.0 -4638.0 -802.0 -5868.0 -7039.0 -6877.0 3850.0 10251.0 780.0 16267.0 -326.0 2063.0 734.0 -2218.0 3794.0 -2310.0 -10720.0 -4490.0 4896.0 -5788.0 49784.0 -11303.0 510.0 -7789.0 -4826.0 6690.0 11064.0 1380.0 -325.0 -10086.0 -3173.0 6260.0 8093.0 4765.0 3919.0 -2548.0 -4697.0 -5965.0 -1936.0 -517.0 -1067.0 -10463.0 -790.0 -10499.0
-792.0 -2569.0 -1894.0 7163.0 -952.0 -2061.0 -1844.0 158.0 -9677.0 8935.0 10662.0 -3957.0 -262.0 -3318.0 -1314.0 1399.0 36.0 2605.0 -1509.0 490.0 -836.0 2165.0 6842.0 6199.0 -3328.0 315.0 -11303.0 36536.0 -3777.0 316.0 2562.0 -1326.0 -7541.0 -2576.0 937.0 3530.0 -4456.0 -1333.0 -292.0 2726.0 8714.0 1587.0 -3447.0 -73.0 6568.0 5401.0 -3083.0 4695.0 -1081.0 -2351.0
282.0 -3587.0 -3961.0 26.0 3392.0 -5804.0 1886.0 8281.0 -374.0 -10043.0 -779.0 2752.0 -7689.0 3023.0 5386.0 -6577.0 1623.0 -1826.0 -10710.0 4135.0 2318.0 3797.0 625.0 3048.0 4924.0 -8497.0 510.0 -3777.0 42353.0 6560.0 -11401.0 -2056.0 12342.0 -6217.0 2602.0 -4811.0 -14547.0 45.0 -6663.0 2207.0 6666.0 -7809.0 -1667.0 -9877.0 -7058.0 2698.0 5281.0 -865.0 -7025.0 6116.0
-962.0 -4863.0 -3627.0 -6108.0 -6497.0 -3183.0 -1613.0 5912.0 6614.0 4236.0 2884.0 205.0 -17152.0 14681.0 -800.0 -5331.0 -7275.0 -5565.0 13562.0 2179.0 -2113.0 9424.0 1349.0 -4410.0 3340.0 6089.0 -7789.0 316.0 6560.0 44257.0 -3538.0 5783.0 16407.0 -12921.0 10617.0 879.0 -3589.0 3852.0 -1966.0 -456.0 9212.0 -14598.0 5495.0 -82.0 5202.0 2594.0 11694.0 3666.0 1580.0 2009.0
-4293.0 2833.0 -4434.0 -2651.0 -5974.0 2641.0 -3811.0 1879.0 -1905.0 4884.0 2185.0 -1863.0 4902.0 -11063.0 3820.0 2159.0 2849.0 4000.0 5241.0 -2141.0 -8299.0 3348.0 5149.0 -6497.0 3564.0 4487.0 -4826.0 2562.0 -11401.0 -3538.0 46082.0 2779.0 -5278.0 -1767.0 3557.0 -1503.0 -2094.0 2777.0 -3199.0 -8666.0 5174.0 -7061.0 1843.0 5430.0 2898.0 -1265.0 15584.0 -3697.0 4824.0 -7666.0
7577.0 3550.0 132.0 -6174.0 3285.0 -654.0 -13941.0 7421.0 9110.0 -9599.0 -1656.0 111.0 -12941.0 1048.0 -8117.0 -1215.0 -7146.0 3399.0 9442.0 2869.0 -4823.0 8042.0 -1390.0 10985.0 10171.0 13565.0 6690.0 -1326.0 -2056.0 5783.0 2779.0 44700.0 4858.0 -7870.0 8462.0 1050.0 1575.0 1580.0 6708.0 -2953.0 4899.0 -7557.0 -2478.0 -6152.0 7766.0 10655.0 955.0 -4715.0 -7731.0 379.0
4447.0 9006.0 -6683.0 -12217.0 -1492.0 -6708.0 -3255.0 -130.0 1801.0 -9629.0 -6131.0 5588.0 6379.0 8453.0 794.0 2888.0 -14444.0 -3407.0 5470.0 -3113.0 6029.0 7810.0 -11955.0 3158.0 16905.0 2882.0 11064.0 -7541.0 12342.0 16407.0 -5278.0 4858.0 44549.0 -11384.0 3397.0 -5061.0 -9092.0 -89.0 9011.0 4069.0 7119.0 -9203.0 2059.0 355.0 2689.0 -7131.0 -2602.0 -12952.0 -2260.0 951.0
-69.0 367.0 -7988.0 2826.0 4940.0 2555.0 8458.0 -284.0 -7852.0 -1900.0 -11690.0 5778.0 4509.0 -17596.0 -6259.0 7459.0 576.0 -1387.0 -7651.0 -4277.0 -4210.0 -6810.0 -4649.0 -4697.0 -12936.0 3115.0 1380.0 -2576.0 -6217.0 -12921.0 -1767.0 -7870.0 -11384.0 44025.0 -12648.0 7174.0 -1569.0 10123.0 -4974.0 -2329.0 -883.0 8169.0 -6400.0 89.0 -8074.0 -4523.0 -10200.0 3303.0 9397.0 -4889.0
8847.0 -3137.0 -4710.0 -6121.0 9460.0 2891.0 1345.0 8271.0 4604.0 -6452.0 2753.0 -2856.0 -14154.0 3529.0 5996.0 -11255.0 -4449.0 5011.0 -2165.0 -5601.0 1517.0 5291.0 14699.0 1668.0 3133.0 6177.0 -325.0 937.0 2602.0 10617.0 3557.0 8462.0 3397.0 -12648.0 45999.0 3258.0 5897.0 1800.0 5247.0 -1910.0 -2100.0 -5381.0 3803.0 2183.0 6752.0 -1960.0 4488.0 -1121.0 -2060.0 -2920.0
18608.0 6052.0 2949.0 -6284.0 -2705.0 -1917.0 -847.0 -1411.0 5860.0 -1591.0 -5429.0 -4521.0 4105.0 4875.0 2678.0 6570.0 1923.0 2454.0 5537.0 3533.0 1201.0 -130.0 9333.0 1189.0 -562.0 7381.0 -10086.0 3530.0 -4811.0 879.0 -1503.0 1050.0 -5061.0 7174.0 3258.0 40252.0 -1781.0 5451.0 -5759.0 -3496.0 -8158.0 3214.0 5422.0 8683.0 -3562.0 12835.0 -8957.0 5532.0 -4815.0 6561.0
5350.0 6671.0 848.0 -4479.0 3348.0 901.0 -889.0 -8002.0 2295.0 -2869.0 -41.0 -4272.0 -2709.0 -6374.0 186.0 -7213.0 6886.0 -4010.0 4481.0 5583.0 -3735.0 -2182.0 7072.0 -7542.0 -2005.0 7240.0 -3173.0 -4456.0 -14547.0 -3589.0 -2094.0 1575.0 -9092.0 -1569.0 5897.0 -1781.0 37491.0 1444.0 9708.0 -248.0 -9352.0 2505.0 4318.0 640.0 3041.0 -1358.0 5474.0 -1761.0 -4570.0 -5124.0
-3968.0 122.0 2700.0 -7026.0 4353.0 6089.0 -4800.0 13000.0 -1039.0 -828.0 -8078.0 11378.0 4339.0 2970.0 1219.0 328.0 9132.0 -4279.0 1772.0 3907.0 -7891.0 -1082.0 -9506.0 5883.0 8335.0 -554.0 6260.0 -1333.0 45.0 3852.0 2777.0 1580.0 -89.0 10123.0 1800.0 5451.0 1444.0 41241.0 7294.0 2221.0 2613.0 414.0 3544.0 -9417.0 -4478.0 3184.0 5452.0 -8821.0 -4529.0 -4484.0
-3914.0 6318.0 -2735.0 -1959.0 9867.0 1334.0 7152.0 2713.0 3338.0 -5597.0 -5859.0 13293.0 -9383.0 56.0 357.0 -1669.0 -2564.0 -11954.0 6576.0 14054.0 1675.0 2681.0 1582.0 4695.0 5772.0 1775.0 8093.0 -292.0 -6663.0 -1966.0 -3199.0 6708.0 9011.0 -4974.0 5247.0 -5759.0 9708.0 7294.0 41378.0 9860.0 -2337.0 -2961.0 -3114.0 548.0 3696.0 -638.0 -16.0 -11826.0 -12291.0 -5765.0
1250.0 152.0 3572.0 -4897.0 195.0 4157.0 -3477.0 -3116.0 -5806.0 2018.0 -2448.0 2528.0 -3987.0 -3946.0 -12127.0 2008.0 3271.0 -13796.0 -2791.0 4833.0 7113.0 2523.0 -4513.0 9470.0 -156.0 3796.0 4765.0 2726.0 2207.0 -456.0 -8666.0 -2953.0 4069.0 -2329.0 -1910.0 -3496.0 -248.0 2221.0 9860.0 33656.0 -4403.0 -1339.0 -3751.0 -1106.0 -3179.0 -3253.0 -2949.0 -1085.0 2934.0 -5575.0
767.0 -4581.0 -9803.0 -2455.0 3480.0 105.0 -1879.0 14195.0 -6278.0 -1761.0 -499.0 3003.0 -5705.0 3793.0 2252.0 -4674.0 -11116.0 1474.0 4440.0 -3007.0 -4011.0 -3410.0 -4655.0 1869.0 6405.0 1351.0 3919.0 8714.0 6666.0 9212.0 5174.0 4899.0 7119.0 -883.0 -2100.0 -8158.0 -9352.0 2613.0 -2337.0 -4403.0 39272.0 -4878.0 1469.0 3824.0 1177.0 3678.0 4834.0 2575.0 9800.0 -5184.0
5129.0 6847.0 5319.0 536.0 -2482.0 10329.0 9097.0 -11145.0 -12672.0 3563.0 -2413.0 3423.0 11918.0 -5887.0 -3992.0 5920.0 6006.0 -2159.0 -13596.0 -5962.0 -4057.0 -11033.0 -4042.0 2669.0 -4016.0 -2820.0 -2548.0 1587.0 -7809.0 -14598.0 -7061.0 -7557.0 -9203.0 8169.0 -5381.0 3214.0 2505.0 414.0 -2961.0 -1339.0 -4878.0 40751.0 -11059.0 -8162.0 5997.0 -2427.0 -7211.0 6765.0 2503.0 199.0
-2187.0 -2232.0 5282.0 -9590.0 -1370.0 -7883.0 5443.0 10181.0 6189.0 -4099.0 167.0 -3565.0 -215.0 11472.0 -1598.0 -7313.0 8357.0 -1567.0 9265.0 -5336.0 -315.0 2278.0 2607.0 -2445.0 8543.0 2926.0 -4697.0 -3447.0 -1667.0 5495.0 1843.0 -2478.0 2059.0 -6400.0 3803.0 5422.0 4318.0 3544.0 -3114.0 -3751.0 1469.0 -11059.0 34165.0 10816.0 -1241.0 3052.0 -4062.0 -1152.0 178.0 592.0
3103.0 -1536.0 -7099.0 -4640.0 6286.0 -7855.0 7734.0 -864.0 5734.0 -4007.0 1.0 -4940.0 -1552.0 5958.0 6574.0 2272.0 -2835.0 3604.0 6552.0 -3903.0 965.0 -3815.0 8063.0 481.0 4254.0 7840.0 -5965.0 -73.0 -9877.0 -82.0 5430.0 -6152.0 355.0 89.0 2183.0 8683.0 640.0 -9417.0 548.0 -1106.0 3824.0 -8162.0 10816.0 36542.0 -8147.0 -3083.0 -12977.0 927.0 5179.0 -832.0
2807.0 -7599.0 -9132.0 -3395.0 9703.0 -2352.0 3562.0 -2629.0 -2406.0 -2029.0 -1400.0 1861.0 3311.0 -4727.0 -10165.0 -2817.0 -6327.0 -4187.0 -508.0 -6093.0 -7093.0 3905.0 883.0 935.0 -5839.0 -155.0 -1936.0 6568.0 -7058.0 5202.0 2898.0 7766.0 2689.0 -8074.0 6752.0 -3562.0 3041.0 -4478.0 3696.0 -3179.0 1177.0 5997.0 -1241.0 -8147.0 35327.0 3072.0 5127.0 -3796.0 1033.0 -6095.0
468.0 2340.0 12448.0 -6695.0 -9434.0 112.0 -13993.0 1706.0 9385.0 -4784.0 -1888.0 -7500.0 -8207.0 3032.0 4795.0 5960.0 7193.0 3319.0 4169.0 -6549.0 -13127.0 2732.0 3284.0 11733.0 5879.0 -469.0 -517.0 5401.0 2698.0 2594.0 -1265.0 10655.0 -7131.0 -4523.0 -1960.0 12835.0 -1358.0 3184.0 -638.0 -3253.0 3678.0 -2427.0 3052.0 -3083.0 3072.0 50092.0 3352.0 -10895.0 -13847.0 1633.0
-13505.0 -4887.0 6253.0 -1267.0 -3867.0 7879.0 -7510.0 8863.0 -1758.0 -347.0 9821.0 -3632.0 -7113.0 -4314.0 -317.0 -9810.0 1267.0 1353.0 8335.0 -1199.0 -3994.0 1794.0 -1335.0 -9472.0 1395.0 -8997.0 -1067.0 -3083.0 5281.0 11694.0 15584.0 955.0 -2602.0 -10200.0 4488.0 -8957.0 5474.0 5452.0 -16.0 -2949.0 4834.0 -7211.0 -4062.0 -12977.0 5127.0 3352.0 45687.0 -4812.0 8705.0 725.0
8890.0 -1280.0 -2660.0 13615.0 -12382.0 -1107.0 8111.0 -3954.0 -13423.0 17003.0 -5753.0 -1304.0 -7317.0 -4269.0 -1305.0 1400.0 -10059.0 -1160.0 -2185.0 4983.0 4293.0 306.0 9811.0 -4284.0 -10712.0 7785.0 -10463.0 4695.0 -865.0 3666.0 -3697.0 -4715.0 -12952.0 3303.0 -1121.0 5532.0 -1761.0 -8821.0 -11826.0 -1085.0 2575.0 6765.0 -1152.0 927.0 -3796.0 -10895.0 -4812.0 45005.0 1231.0 2782.0
-348.0 -10767.0 -3554.0 -7886.0 2167.0 -2542.0 1503.0 2150.0 -4620.0 -323.0 7491.0 -6129.0 9086.0 -3755.0 -4122.0 -4897.0 -1905.0 -5050.0 -7157.0 -9989.0 -3982.0 -8574.0 -4303.0 -10508.0 -5603.0 -2138.0 -790.0 -1081.0 -7025.0 1580.0 4824.0 -7731.0 -2260.0 9397.0 -2060.0 -4815.0 -4570.0 -4529.0 -12291.0 2934.0 9800.0 2503.0 178.0 5179.0 1033.0 -13847.0 8705.0 1231.0 44578.0 -6726.0
6819.0 4004.0 1760.0 8439.0 -10082.0 -2433.0 -953.0 11994.0 9594.0 -7945.0 2717.0 -8944.0 -6060.0 1178.0 2141.0 -7458.0 -1476.0 3342.0 2681.0 -2248.0 3101.0 6202.0 -3491.0 -482.0 1438.0 -4795.0 -10499.0 -2351.0 6116.0 2009.0 -7666.0 379.0 951.0 -4889.0 -2920.0 6561.0 -5124.0 -4484.0 -5765.0 -5575.0 -5184.0 199.0 592.0 -832.0 -6095.0 1633.0 725.0 2782.0 -6726.0 35280.0
14.0 -5.0 50.0 45.0 28.0 24.0 -43.0 33.0 5.0 40.0 -31.0 49.0 37.0 -19.0 18.0 -23.0 -33.0 -2.0 -23.0 -3.0 -49.0 31.0 -7.0 1.0 48.0 7.0 -20.0 30.0 22.0 -20.0 -30.0 -19.0 25.0 -19.0 45.0 -33.0 -0.0 -44.0 -31.0 -17.0 23.0 35.0 29.0 15.0 -29.0 -2.0 -27.0 19.0 21.0 26.0
