22627.0 325.0 2914.0 364.0 466.0 -6332.0 2884.0 8822.0 8455.0 50.0 -2916.0 -722.0 1976.0 1600.0 4315.0 -3538.0 946.0 2543.0 -1492.0 -7604.0 3189.0 -1264.0 10047.0 -4517.0 -3402.0
325.0 14995.0 218.0 -847.0 1879.0 8390.0 -3257.0 -2610.0 3056.0 -3068.0 402.0 159.0 4561.0 1247.0 1961.0 -3501.0 -2215.0 1840.0 -4820.0 637.0 2645.0 2741.0 -4686.0 -3576.0 7231.0
2914.0 218.0 29650.0 -1330.0 3210.0 -2660.0 7827.0 1162.0 -5798.0 6855.0 -3506.0 -353.0 -1113.0 -4166.0 -123.0 3124.0 2317.0 3636.0 639.0 -9762.0 5026.0 3040.0 -7260.0 -4553.0 -1217.0
364.0 -847.0 -1330.0 21924.0 586.0 -6834.0 7179.0 -3557.0 -4844.0 1376.0 5827.0 -6760.0 -2953.0 -1304.0 -3567.0 -3570.0 -4559.0 296.0 607.0 -677.0 2706.0 3953.0 8232.0 -1339.0 -819.0
466.0 1879.0 3210.0 586.0 21078.0 -627.0 -3965.0 -1349.0 -2467.0 -345.0 -4105.0 2006.0 -861.0 -2424.0 909.0 261.0 5004.0 -5195.0 -8981.0 -6992.0 2841.0 4398.0 -4884.0 -2767.0 -2920.0
-6332.0 8390.0 -2660.0 -6834.0 -627.0 17653.0 -4192.0 -6678.0 -95.0 -2638.0 -1399.0 549.0 5175.0 4109.0 2481.0 -2921.0 -5074.0 3893.0 -5797.0 1281.0 2322.0 4086.0 -6742.0 -1494.0 6713.0
2884.0 -3257.0 7827.0 7179.0 -3965.0 -4192.0 19363.0 -1648.0 -9074.0 689.0 -1183.0 -6060.0 907.0 -1123.0 -1314.0 -3792.0 -5703.0 -1445.0 -230.0 -387.0 2996.0 -2209.0 10173.0 -2516.0 230.0
8822.0 -2610.0 1162.0 -3557.0 -1349.0 -6678.0 -1648.0 23325.0 5158.0 2482.0 -5027.0 -1248.0 -6173.0 -8327.0 2229.0 -727.0 1171.0 -2592.0 -1222.0 -2815.0 -3381.0 697.0 1851.0 2928.0 -2345.0
8455.0 3056.0 -5798.0 -4844.0 -2467.0 -95.0 -9074.0 5158.0 22378.0 2522.0 2218.0 1611.0 5071.0 1420.0 -1947.0 532.0 -1788.0 2866.0 1871.0 2809.0 -1560.0 -6549.0 -2674.0 -212.0 -3639.0
50.0 -3068.0 6855.0 1376.0 -345.0 -2638.0 689.0 2482.0 2522.0 19852.0 2846.0 -711.0 910.0 -6842.0 -10997.0 5515.0 -4675.0 -1794.0 77.0 4925.0 1899.0 -404.0 -4198.0 2694.0 -6926.0
-2916.0 402.0 -3506.0 5827.0 -4105.0 -1399.0 -1183.0 -5027.0 2218.0 2846.0 18494.0 -1371.0 -5885.0 2438.0 -9712.0 -1442.0 182.0 516.0 1528.0 3720.0 -483.0 1149.0 -528.0 3116.0 4105.0
-722.0 159.0 -353.0 -6760.0 2006.0 549.0 -6060.0 -1248.0 1611.0 -711.0 -1371.0 18959.0 1936.0 5490.0 858.0 10674.0 4889.0 840.0 -1486.0 242.0 -7083.0 -2351.0 -3258.0 3737.0 -4426.0
1976.0 4561.0 -1113.0 -2953.0 -861.0 5175.0 907.0 -6173.0 5071.0 910.0 -5885.0 1936.0 19013.0 1405.0 6097.0 -856.0 -6986.0 2351.0 -2383.0 1963.0 -1749.0 -2188.0 -4869.0 -4003.0 -2558.0
1600.0 1247.0 -4166.0 -1304.0 -2424.0 4109.0 -1123.0 -8327.0 1420.0 -6842.0 2438.0 5490.0 1405.0 18800.0 -778.0 220.0 2379.0 6642.0 -1947.0 1302.0 -6223.0 -3562.0 5188.0 -2718.0 3365.0
4315.0 1961.0 -123.0 -3567.0 909.0 2481.0 -1314.0 2229.0 -1947.0 -10997.0 -9712.0 858.0 6097.0 -778.0 17975.0 -5601.0 1735.0 4719.0 -1958.0 -8399.0 -2761.0 3525.0 -1788.0 -4659.0 1711.0
-3538.0 -3501.0 3124.0 -3570.0 261.0 -2921.0 -3792.0 -727.0 532.0 5515.0 -1442.0 10674.0 -856.0 220.0 -5601.0 17787.0 2507.0 -4346.0 4534.0 5483.0 -74.0 172.0 -1058.0 158.0 -4885.0
946.0 -2215.0 2317.0 -4559.0 5004.0 -5074.0 -5703.0 1171.0 -1788.0 -4675.0 182.0 4889.0 -6986.0 2379.0 1735.0 2507.0 23671.0 -11.0 -2953.0 -4431.0 1971.0 -82.0 -1762.0 4583.0 -203.0
2543.0 1840.0 3636.0 296.0 -5195.0 3893.0 -1445.0 -2592.0 2866.0 -1794.0 516.0 840.0 2351.0 6642.0 4719.0 -4346.0 -11.0 21082.0 -3392.0 -5522.0 -4304.0 -6229.0 -2774.0 -4677.0 -2338.0
-1492.0 -4820.0 639.0 607.0 -8981.0 -5797.0 -230.0 -1222.0 1871.0 77.0 1528.0 -1486.0 -2383.0 -1947.0 -1958.0 4534.0 -2953.0 -3392.0 19267.0 3910.0 5532.0 -544.0 6180.0 -1482.0 -1103.0
-7604.0 637.0 -9762.0 -677.0 -6992.0 1281.0 -387.0 -2815.0 2809.0 4925.0 3720.0 242.0 1963.0 1302.0 -8399.0 5483.0 -4431.0 -5522.0 3910.0 18730.0 -1020.0 -4777.0 1188.0 1530.0 829.0
3189.0 2645.0 5026.0 2706.0 2841.0 2322.0 2996.0 -3381.0 -1560.0 1899.0 -483.0 -7083.0 -1749.0 -6223.0 -2761.0 -74.0 1971.0 -4304.0 5532.0 -1020.0 26338.0 9957.0 8394.0 -2183.0 2414.0
-1264.0 2741.0 3040.0 3953.0 4398.0 4086.0 -2209.0 697.0 -6549.0 -404.0 1149.0 -2351.0 -2188.0 -3562.0 3525.0 172.0 -82.0 -6229.0 -544.0 -4777.0 9957.0 25906.0 156.0 217.0 7365.0
10047.0 -4686.0 -7260.0 8232.0 -4884.0 -6742.0 10173.0 1851.0 -2674.0 -4198.0 -528.0 -3258.0 -4869.0 5188.0 -1788.0 -1058.0 -1762.0 -2774.0 6180.0 1188.0 8394.0 156.0 25071.0 -1658.0 929.0
-4517.0 -3576.0 -4553.0 -1339.0 -2767.0 -1494.0 -2516.0 2928.0 -212.0 2694.0 3116.0 3737.0 -4003.0 -2718.0 -4659.0 158.0 4583.0 -4677.0 -1482.0 1530.0 -2183.0 217.0 -1658.0 17028.0 -1092.0
-3402.0 7231.0 -1217.0 -819.0 -2920.0 6713.0 230.0 -2345.0 -3639.0 -6926.0 4105.0 -4426.0 -2558.0 3365.0 1711.0 -4885.0 -203.0 -2338.0 -1103.0 829.0 2414.0 7365.0 929.0 -1092.0 14899.0
1.0 24.0 -42.0 26.0 -8.0 3.0 -47.0 24.0 -43.0 -32.0 -24.0 24.0 41.0 -19.0 -33.0 -18.0 41.0 42.0 -40.0 18.0 -32.0 -2.0 -1.0 -12.0 2.0
