24583.271 4011.3826 -9576.749 4626.1455 -8304.524 -1192.2521 1811.3722 1361.315 -5651.68 -481.62973 5050.0464 -339.5299 5898.9116 5353.938 6184.726 435.322 -2694.9214 -1358.6833 -4172.4946 6282.904 7299.364 2126.0288 4630.962 1362.9763 4332.8267
4011.3826 20752.637 -2561.0898 -207.14308 -1638.9391 -2063.7888 4252.5786 4265.602 2598.7153 1265.9958 2448.4197 -2802.6704 1186.5593 -658.49335 2626.8645 -5369.9917 3502.3896 -691.8795 -522.0315 3910.3567 -2593.7544 930.3202 -212.27109 3202.4954 -6294.898
-9576.749 -2561.0898 21224.928 -3352.5747 4135.511 -2518.7805 834.30096 -7216.294 4427.746 4790.173 -1234.6655 -4039.351 2238.8162 4499.0527 -2461.46 -2395.3286 6506.36 -4154.9805 -6004.459 -6109.15 -8647.265 -5928.1743 941.3601 5051.132 -1550.1656
4626.1455 -207.14308 -3352.5747 22189.486 -537.7888 -1432.8214 1125.2062 173.37225 -1650.447 -4854.7495 -5419.589 4513.941 -3664.435 2601.9932 6458.4775 -3789.4968 -339.38828 4125.8955 -2961.5193 420.09512 -3633.458 1796.6515 3192.552 5889.343 1095.0842
-8304.524 -1638.9391 4135.511 -537.7888 29242.814 -1542.6543 -906.9364 -1812.4443 9968.731 -6909.687 -243.7618 -231.78719 -5669.7754 -5797.1587 -154.9075 5523.58 2654.7866 960.7264 5040.866 -5632.123 -2152.6956 -3366.4443 -6099.6377 -4567.1094 -4013.1677
-1192.2521 -2063.7888 -2518.7805 -1432.8214 -1542.6543 22473.398 -533.28235 -6192.515 -2502.7554 -1958.1106 68.99688 4925.9253 6373.113 -419.07278 -399.6467 2702.778 5317.5806 -273.00278 -1968.4287 -2099.4526 -4084.8752 -3918.9321 -531.73926 374.7693 -4968.207
1811.3722 4252.5786 834.30096 1125.2062 -906.9364 -533.28235 19732.854 1906.3645 6276.9165 -1941.6349 4541.9727 1172.6364 888.90283 -3585.5396 1230.8563 -3500.6165 3652.559 -1220.1848 4927.9146 -2508.7957 -399.1626 -2592.2559 3356.6924 5675.889 -4178.886
1361.315 4265.602 -7216.294 173.37225 -1812.4443 -6192.515 1906.3645 21527.988 3418.0798 -3841.7993 1647.6317 -2756.768 1869.0603 -4241.516 -1574.4923 907.8418 -849.9257 2870.4136 5725.2573 4435.4214 11096.938 733.4466 -539.8017 699.59985 4271.9087
-5651.68 2598.7153 4427.746 -1650.447 9968.731 -2502.7554 6276.9165 3418.0798 19388.682 -3579.5608 250.34897 -74.94586 -8360.267 -9090.567 10.954344 441.16904 7189.555 -1359.8044 -88.158905 1776.8192 1305.4341 -8203.99 -7254.7495 2239.3364 -3380.0996
-481.62973 1265.9958 4790.173 -4854.7495 -6909.687 -1958.1106 -1941.6349 -3841.7993 -3579.5608 24494.936 1925.9316 -2444.5479 2526.1868 5567.8774 -1229.4684 -2231.3335 -2673.1663 1055.9193 -7726.9937 7148.311 519.2755 2318.81 1409.8887 -1049.3083 1865.7532
5050.0464 2448.4197 -1234.6655 -5419.589 -243.7618 68.99688 4541.9727 1647.6317 250.34897 1925.9316 19826.193 -3870.606 -1007.91724 275.75952 940.1661 2571.649 4428.9526 -519.2007 -1452.5237 185.6919 108.66212 461.9352 -273.78183 2459.475 -2335.278
-339.5299 -2802.6704 -4039.351 4513.941 -231.78719 4925.9253 1172.6364 -2756.768 -74.94586 -2444.5479 -3870.606 18269.281 -3631.5544 -7183.012 -1657.7152 3318.6997 -2452.7058 2869.2368 5804.742 768.8521 -1396.2172 -3704.1877 3528.3867 -8464.776 -2826.3496
5898.9116 1186.5593 2238.8162 -3664.435 -5669.7754 6373.113 888.90283 1869.0603 -8360.267 2526.1868 -1007.91724 -3631.5544 23388.787 11418.33 -3581.799 105.02581 -618.03534 -7027.1445 -2667.4492 -1737.6915 3516.3552 1304.3159 7326.6216 -1251.2769 391.72144
5353.938 -658.49335 4499.0527 2601.9932 -5797.1587 -419.07278 -3585.5396 -4241.516 -9090.567 5567.8774 275.75952 -7183.012 11418.33 21359.62 -1395.2109 -4985.4204 -3866.0974 -5695.4414 -13574.225 285.12952 -702.5433 8134.0664 5388.6846 1147.6927 8753.532
6184.726 2626.8645 -2461.46 6458.4775 -154.9075 -399.6467 1230.8563 -1574.4923 10.954344 -1229.4684 940.1661 -1657.7152 -3581.799 -1395.2109 18508.426 -513.3557 -1195.1104 -1189.9397 -39.25262 1004.05896 -3807.2844 1107.6998 -4.6508536 6213.918 -4358.0376
435.322 -5369.9917 -2395.3286 -3789.4968 5523.58 2702.778 -3500.6165 907.8418 441.16904 -2231.3335 2571.649 3318.6997 105.02581 -4985.4204 -513.3557 19914.541 660.46014 -3255.487 5300.8545 2580.3494 -3734.913 2249.8699 -680.76746 -3775.6646 -2635.2095
-2694.9214 3502.3896 6506.36 -339.38828 2654.7866 5317.5806 3652.559 -849.9257 7189.555 -2673.1663 4428.9526 -2452.7058 -618.03534 -3866.0974 -1195.1104 660.46014 19928.494 -1567.5753 -3362.6785 -5631.754 -6212.915 -5961.536 -4609.5957 10155.959 -5441.417
-1358.6833 -691.8795 -4154.9805 4125.8955 960.7264 -273.00278 -1220.1848 2870.4136 -1359.8044 1055.9193 -519.2007 2869.2368 -7027.1445 -5695.4414 -1189.9397 -3255.487 -1567.5753 19971.43 6620.4785 6170.5225 6628.849 -4771.487 -2958.508 4717.4746 -1643.6917
-4172.4946 -522.0315 -6004.459 -2961.5193 5040.866 -1968.4287 4927.9146 5725.2573 -88.158905 -7726.9937 -1452.5237 5804.742 -2667.4492 -13574.225 -39.25262 5300.8545 -3362.6785 6620.4785 21527.883 -2522.709 3014.677 -2331.0474 -1465.354 -1017.34186 -9122.221
6282.904 3910.3567 -6109.15 420.09512 -5632.123 -2099.4526 -2508.7957 4435.4214 1776.8192 7148.311 185.6919 768.8521 -1737.6915 285.12952 1004.05896 2580.3494 -5631.754 6170.5225 -2522.709 15045.438 5671.7217 241.79889 -1121.421 507.8456 1266.1323
7299.364 -2593.7544 -8647.265 -3633.458 -2152.6956 -4084.8752 -399.1626 11096.938 1305.4341 519.2755 108.66212 -1396.2172 3516.3552 -702.5433 -3807.2844 -3734.913 -6212.915 6628.849 3014.677 5671.7217 23505.725 -1905.2266 -259.8208 -2991.9065 3580.925
2126.0288 930.3202 -5928.1743 1796.6515 -3366.4443 -3918.9321 -2592.2559 733.4466 -8203.99 2318.81 461.9352 -3704.1877 1304.3159 8134.0664 1107.6998 2249.8699 -5961.536 -4771.487 -2331.0474 241.79889 -1905.2266 22644.336 2487.5552 -1351.5845 4535.707
4630.962 -212.27109 941.3601 3192.552 -6099.6377 -531.73926 3356.6924 -539.8017 -7254.7495 1409.8887 -273.78183 3528.3867 7326.6216 5388.6846 -4.6508536 -680.76746 -4609.5957 -2958.508 -1465.354 -1121.421 -259.8208 2487.5552 24078.926 -9029.741 -1339.5138
1362.9763 3202.4954 5051.132 5889.343 -4567.1094 374.7693 5675.889 699.59985 2239.3364 -1049.3083 2459.475 -8464.776 -1251.2769 1147.6927 6213.918 -3775.6646 10155.959 4717.4746 -1017.34186 507.8456 -2991.9065 -1351.5845 -9029.741 26038.195 -5155.1934
4332.8267 -6294.898 -1550.1656 1095.0842 -4013.1677 -4968.207 -4178.886 4271.9087 -3380.0996 1865.7532 -2335.278 -2826.3496 391.72144 8753.532 -4358.0376 -2635.2095 -5441.417 -1643.6917 -9122.221 1266.1323 3580.925 4535.707 -1339.5138 -5155.1934 21972.809
20.164902 -22.695147 26.942862 42.51606 22.167702 -5.909029 -23.063856 -28.374922 -5.5364537 22.761038 23.649557 43.013336 -25.772053 1.7258028 -16.7269 45.27898 28.756472 5.2361054 -23.951355 11.924999 -32.508923 -6.9848537 -37.31413 25.801231 -47.397385
