-0.950988 0.144692 0.165171 -0.153771 0.0426106 0.147976 0.00675662 
-0.0753053 -0.954355 0.21592 -0.0474018 -0.0459364 0.169328 0.0623372 
-0.174775 -0.209945 -0.926523 -0.180194 0.136913 -0.112904 0.0544916 
0.193601 0.0541574 0.171658 -0.938918 0.215933 -0.0391268 0.0198659 
0.0192249 0.0702355 -0.131936 -0.237011 -0.929553 0.219187 0.0948905 
-0.146063 -0.111465 0.136714 -0.0288721 -0.245701 -0.941458 -0.00216824 
-0.0147775 -0.0624836 -0.0456917 -0.0553459 -0.0791463 0.0276924 -0.991814 
