45462 -6917 -7896 7351 -2037 -7074 -323 -6917 32294 -5360 21 1905 -4022 -1950 -7896 -5360 25830 1770 -3218 6397 -398 7351 21 1770 38548 -9957 534 -1534 -2037 1905 -3218 -9957 35406 -9306 -2471 -7074 -4022 6397 534 -9306 38362 1848 -323 -1950 -398 -1534 -2471 1848 32851
